0.09060161   0.05230886     -0.38857   -0.17688   -0.06558   -0.05337	 0.50823    0.57473    0.58204    0.61290    0.61567	0.78975    
0.09060161   0.04730886     -0.81575   -0.38857   -0.17737   -0.08709	-0.03072    0.50820    0.55700    0.59079    0.59795	0.64010    
0.09060161   0.04230886     -0.78864   -0.38858   -0.17912   -0.11187	-0.00214    0.50803    0.52931    0.58782    0.60029	0.67002    
0.09060161   0.03730886     -0.76254   -0.38859   -0.18325   -0.13359	 0.02724    0.49784    0.50896    0.58182    0.60788	0.70132    
0.09060161   0.03230886     -0.73774   -0.38860   -0.19210   -0.14940	 0.05715    0.46686    0.50850    0.57709    0.61544	0.73305    
0.09060161   0.02730886     -0.71462   -0.38863   -0.20655   -0.15798	 0.08744    0.43514    0.50843    0.57324    0.62305	0.74125    
0.09060161   0.02230886     -0.69370   -0.38866   -0.22341   -0.16196	 0.11803    0.40325    0.50841    0.57009    0.63070	0.73058    
0.08560161   0.05230886     -0.82792   -0.38857   -0.17706   -0.07574	-0.04144    0.50787    0.55423    0.58096    0.61764	0.63375    
0.08560161   0.04730886     -0.83397   -0.38857   -0.17676   -0.07050	-0.04462    0.50795    0.54997    0.56294    0.62568	0.64918    
0.08560161   0.04230886     -0.80796   -0.38858   -0.17737   -0.09446	-0.01629    0.50769    0.51985    0.56948    0.62004	0.68085    
0.08560161   0.03730886     -0.78310   -0.38859   -0.17917   -0.11709	 0.01346    0.48744    0.50858    0.57676    0.61529	0.71286    
0.08560161   0.03230886     -0.75969   -0.38861   -0.18311   -0.13634	 0.04374    0.45571    0.50849    0.58432    0.61126	0.72763    
0.08560161   0.02730886     -0.73812   -0.38863   -0.19078   -0.15010	 0.07436    0.42373    0.50851    0.59208    0.60790	0.71566    
0.08560161   0.02230886     -1.00792   -0.71883   -0.38865   -0.20226	-0.15780    0.10525    0.39168    0.50854    0.59959	0.60553    
0.08060161   0.05230886     -0.81402   -0.38856   -0.17759   -0.08831	-0.02356    0.50526    0.52590    0.57273    0.62879	0.66436    
0.08060161   0.04730886     -0.84398   -0.38857   -0.17654   -0.06190	-0.04702    0.50617    0.53131    0.54206    0.65669	0.66282    
0.08060161   0.04230886     -0.82859   -0.38858   -0.17638   -0.07514	-0.02855    0.50519    0.51094    0.53895    0.65341	0.69341    
0.08060161   0.03730886     -0.80493   -0.38859   -0.17695   -0.09748	 0.00132    0.47701    0.50774    0.54605    0.64921	0.71656    
0.08060161   0.03230886     -0.78282   -0.38860   -0.17844   -0.11777	 0.03186    0.44510    0.50793    0.55375    0.64546	0.70363    
0.08060161   0.02730886     -0.76264   -0.38862   -0.18134   -0.13485	 0.06274    0.41305    0.50812    0.56185    0.64218	0.69097    
0.08060161   0.02230886     -0.74478   -0.38864   -0.18638   -0.14753	 0.09385    0.38095    0.50827    0.57024    0.63933	0.67891    
0.07560161   0.05230886     -0.80219   -0.38855   -0.17841   -0.09894	-0.00404    0.48626    0.51262    0.56340    0.64192	0.69650    
0.07560161   0.04730886     -0.83274   -0.38856   -0.17661   -0.07062	-0.02868    0.49211    0.51371    0.53188    0.67383	0.69150    
0.07560161   0.04230886     -0.85030   -0.38857   -0.17587   -0.05530	-0.03789    0.49509    0.50233    0.51597    0.68546	0.70537    
0.07560161   0.03730886     -0.82776   -0.38858   -0.17575   -0.07589	-0.00898    0.46715    0.50260    0.51968    0.67997	0.69735    
0.07560161   0.03230886     -0.80686   -0.38860   -0.17614   -0.09592	 0.02168    0.43528    0.50506    0.52553    0.67223	0.68778    
0.07560161   0.02730886     -0.78791   -0.38862   -0.17704   -0.11370	 0.05271    0.40325    0.50644    0.53294    0.66166	0.68177    
0.07560161   0.02230886     -0.77130   -0.38863   -0.17855   -0.12863	 0.08395    0.37118    0.50721    0.54125    0.64989	0.67787    
0.07060161   0.05230886     -0.79270   -0.38854   -0.17942   -0.10721	 0.01665    0.45541    0.51095    0.55435    0.65605	0.71218    
0.07060161   0.04730886     -0.82366   -0.38855   -0.17687   -0.07886	-0.00749    0.46260    0.51100    0.52281    0.68769	0.69817    
0.07060161   0.04230886     -0.85466   -0.38856   -0.17565   -0.05004	-0.02939    0.46994    0.49094    0.51164    0.68331	0.69529    
0.07060161   0.03730886     -0.85139   -0.38858   -0.17510   -0.05314	-0.01716    0.45794    0.47911    0.51203    0.66871	0.68470    
0.07060161   0.03230886     -0.83158   -0.38859   -0.17494   -0.07228	 0.01332    0.42634    0.48691    0.51283    0.65424	0.67514    
0.07060161   0.02730886     -0.81374   -0.38861   -0.17505   -0.08965	 0.04438    0.39442    0.49460    0.51445    0.64009	0.66689    
0.07060161   0.02230886     -0.79820   -0.38862   -0.17536   -0.10467	 0.07566    0.36244    0.50082    0.51789    0.62641	0.66000    
0.06560161   0.05230886     -0.78580   -0.38853   -0.18044   -0.11296	 0.03828    0.42342    0.51047    0.54597    0.67061	0.69380    
0.06560161   0.04730886     -0.81695   -0.38854   -0.17719   -0.08495	 0.01482    0.43120    0.50987    0.51498    0.67793	0.68399    
0.06560161   0.04230886     -0.84809   -0.38855   -0.17560   -0.05546	-0.00710    0.43946    0.48244    0.51083    0.66280	0.67126    
0.06560161   0.03730886     -0.87560   -0.38857   -0.17475   -0.03173	-0.02096    0.44616    0.45288    0.51088    0.64733	0.65997    
0.06560161   0.03230886     -0.85682   -0.38858   -0.17429   -0.04761	 0.00696    0.41834    0.45822    0.51102    0.63199	0.65016    
0.06560161   0.02730886     -0.83997   -0.38860   -0.17404   -0.06422	 0.03787    0.38662    0.46779    0.51127    0.61699	0.64176    
0.06560161   0.02230886     -0.97253   -0.82537   -0.38861   -0.17391	-0.07868    0.06907    0.35479    0.47761    0.51172	0.60247    
0.09060161   0.05230886     -0.84322   -0.38857   -0.17688   -0.06558	-0.05337    0.50823    0.57473    0.58204    0.61290	0.61567    
0.09060161   0.05730886     -0.81575   -0.38857   -0.17737   -0.08708	-0.03071    0.50820    0.55699    0.59078    0.59796	0.64012    
0.09060161   0.06230886     -0.78864   -0.38858   -0.17912   -0.11187	-0.00214    0.50803    0.52929    0.58785    0.60027	0.67004    
0.09060161   0.06730886     -0.76255   -0.38859   -0.18325   -0.13359	 0.02724    0.49781    0.50896    0.58184    0.60786	0.70135    
0.09060161   0.07230886     -0.73775   -0.38860   -0.19210   -0.14940	 0.05715    0.46683    0.50850    0.57712    0.61541	0.73308    
0.09060161   0.07730886     -0.71463   -0.38863   -0.20654   -0.15798	 0.08744    0.43511    0.50843    0.57327    0.62303	0.74122    
0.09560161   0.05230886     -0.82792   -0.38857   -0.17706   -0.07574	-0.04144    0.50787    0.55421    0.58094    0.61767	0.63377    
0.09560161   0.05730886     -0.83397   -0.38857   -0.17676   -0.07050	-0.04462    0.50795    0.54994    0.56292    0.62570	0.64920    
0.09560161   0.06230886     -0.80796   -0.38858   -0.17736   -0.09446	-0.01628    0.50769    0.51983    0.56946    0.62007	0.68087    
0.09560161   0.06730886     -0.78310   -0.38859   -0.17917   -0.11709	 0.01346    0.48741    0.50858    0.57673    0.61532	0.71288    
0.09560161   0.07230886     -0.75970   -0.38861   -0.18311   -0.13633	 0.04374    0.45568    0.50848    0.58430    0.61129	0.72761    
0.09560161   0.07730886     -0.73813   -0.38863   -0.19078   -0.15010	 0.07437    0.42370    0.50851    0.59206    0.60793	0.71563    
0.10060161   0.05230886     -0.81402   -0.38856   -0.17759   -0.08830	-0.02355    0.50525    0.52588    0.57270    0.62882	0.66439    
0.10060161   0.05730886     -0.84399   -0.38857   -0.17654   -0.06190	-0.04701    0.50617    0.53129    0.54203    0.65672	0.66285    
0.10060161   0.06230886     -0.82860   -0.38858   -0.17638   -0.07513	-0.02855    0.50518    0.51092    0.53893    0.65344	0.69344    
0.10060161   0.06730886     -0.80493   -0.38859   -0.17695   -0.09747	 0.00133    0.47698    0.50773    0.54603    0.64924	0.71653    
0.10060161   0.07230886     -0.78283   -0.38860   -0.17844   -0.11776	 0.03187    0.44508    0.50793    0.55372    0.64549	0.70360    
0.10060161   0.07730886     -0.76265   -0.38862   -0.18134   -0.13484	 0.06275    0.41302    0.50812    0.56183    0.64221	0.69094    
0.10560161   0.05230886     -0.80220   -0.38855   -0.17841   -0.09894	-0.00403    0.48623    0.51262    0.56337    0.64195	0.69653    
0.10560161   0.05730886     -0.83275   -0.38856   -0.17661   -0.07062	-0.02867    0.49209    0.51370    0.53186    0.67386	0.69153    
0.10560161   0.06230886     -0.85031   -0.38857   -0.17587   -0.05529	-0.03788    0.49507    0.50231    0.51596    0.68548	0.70539    
0.10560161   0.06730886     -0.82777   -0.38858   -0.17575   -0.07588	-0.00898    0.46713    0.50259    0.51967    0.67999	0.69734    
0.10560161   0.07230886     -0.80687   -0.38860   -0.17614   -0.09591	 0.02168    0.43525    0.50505    0.52551    0.67222	0.68778    
0.10560161   0.07730886     -0.78793   -0.38862   -0.17703   -0.11369	 0.05272    0.40323    0.50643    0.53292    0.66164	0.68179    
0.11060161   0.05230886     -0.79271   -0.38854   -0.17942   -0.10720	 0.01666    0.45538    0.51095    0.55433    0.65608	0.71216    
0.11060161   0.05730886     -0.82366   -0.38855   -0.17687   -0.07885	-0.00748    0.46257    0.51099    0.52279    0.68772	0.69815    
0.11060161   0.06230886     -0.85467   -0.38856   -0.17565   -0.05003	-0.02938    0.46992    0.49092    0.51164    0.68328	0.69527    
0.11060161   0.06730886     -0.85140   -0.38858   -0.17510   -0.05312	-0.01715    0.45792    0.47909    0.51203    0.66868	0.68467    
0.11060161   0.07230886     -0.83159   -0.38859   -0.17494   -0.07226	 0.01333    0.42632    0.48689    0.51283    0.65421	0.67511    
0.11060161   0.07730886     -0.81376   -0.38861   -0.17505   -0.08964	 0.04439    0.39439    0.49458    0.51444    0.64006	0.66686    
0.11560161   0.05230886     -0.78581   -0.38853   -0.18044   -0.11295	 0.03829    0.42340    0.51047    0.54594    0.67064	0.69377    
0.11560161   0.05730886     -0.81696   -0.38854   -0.17719   -0.08494	 0.01483    0.43117    0.50986    0.51496    0.67791	0.68396    
0.11560161   0.06230886     -0.84811   -0.38855   -0.17559   -0.05545	-0.00709    0.43944    0.48242    0.51083    0.66277	0.67123    
0.11560161   0.06730886     -0.87561   -0.38857   -0.17475   -0.03172	-0.02095    0.44614    0.45286    0.51088    0.64730	0.65994    
0.11560161   0.07230886     -0.85683   -0.38858   -0.17429   -0.04759	 0.00697    0.41832    0.45820    0.51102    0.63196	0.65013    
0.11560161   0.07730886     -0.83999   -0.38860   -0.17404   -0.06420	 0.03788    0.38660    0.46777    0.51127    0.61696	0.64173    
0.12060161   0.05230886     -0.78171   -0.38851   -0.18123   -0.11618	 0.06068    0.39136    0.51023    0.53837    0.66945	0.67900    
0.12060161   0.05730886     -0.81281   -0.38853   -0.17747   -0.08864	 0.03794    0.39967    0.50585    0.51125    0.65594	0.66239    
0.12060161   0.06230886     -0.84388   -0.38854   -0.17559   -0.05928	 0.01664    0.40856    0.47507    0.51049    0.64167	0.64735    
0.12060161   0.06730886     -0.87492   -0.38856   -0.17454   -0.02953	-0.00266    0.41786    0.44373    0.51045    0.62612	0.63514    
0.12060161   0.07230886     -0.88246   -0.38857   -0.17391   -0.02251	 0.00295    0.41114    0.42887    0.51044    0.61015	0.62501    
0.12060161   0.07730886     -0.86650   -0.38859   -0.17348   -0.03802	 0.03331    0.37988    0.43899    0.51047    0.59440	0.61646    
0.09060161   0.05230886     -0.84322   -0.38857   -0.17688   -0.06558	-0.05337    0.50823    0.57473    0.58204    0.61290	0.61567    
0.09060161   0.04730886     -0.87216   -0.81575   -0.38857   -0.17737	-0.08709   -0.03072    0.50820    0.55700    0.59079	0.59795    
0.09060161   0.04230886     -0.78864   -0.38858   -0.17912   -0.11187	-0.00214    0.50803    0.52931    0.58782    0.60029	0.67002    
0.09060161   0.03730886     -0.76254   -0.38859   -0.18325   -0.13359	 0.02724    0.49784    0.50896    0.58182    0.60788	0.70132    
0.09060161   0.03230886     -0.73774   -0.38860   -0.19210   -0.14940	 0.05715    0.46686    0.50850    0.57709    0.61544	0.73305    
0.09060161   0.02730886     -0.71462   -0.38863   -0.20655   -0.15798	 0.08744    0.43514    0.50843    0.57324    0.62305	0.74125    
0.09060161   0.02230886     -0.69370   -0.38866   -0.22341   -0.16196	 0.11803    0.40325    0.50841    0.57009    0.63070	0.73058    
0.09560161   0.05230886     -0.82792   -0.38857   -0.17706   -0.07574	-0.04144    0.50787    0.55421    0.58094    0.61767	0.63377    
0.09560161   0.04730886     -0.79912   -0.38857   -0.17849   -0.10220	-0.01460    0.50770    0.54575    0.58742    0.60821	0.64506    
0.09560161   0.04230886     -0.77094   -0.38857   -0.18204   -0.12656	 0.01358    0.50736    0.53189    0.56457    0.62597	0.66500    
0.09560161   0.03730886     -0.74359   -0.38858   -0.19024   -0.14559	 0.04250    0.50419    0.51097    0.55169    0.63714	0.69239    
0.09560161   0.03230886     -0.71733   -0.38860   -0.20554   -0.15649	 0.07196    0.47775    0.50788    0.54478    0.64575	0.72269    
0.09560161   0.02730886     -0.69254   -0.38862   -0.22534   -0.16142	 0.10185    0.44695    0.50751    0.54012    0.65356	0.75385    
0.09560161   0.02230886     -0.66974   -0.38865   -0.24574   -0.16375	 0.13209    0.41548    0.50728    0.53661    0.66104	0.75739    
0.10060161   0.05230886     -0.81402   -0.38856   -0.17759   -0.08830	-0.02355    0.50525    0.52588    0.57270    0.62882	0.66439    
0.10060161   0.04730886     -0.78439   -0.38856   -0.18022   -0.11500	 0.00307    0.50364    0.52078    0.59499    0.60555	0.67101    
0.10060161   0.04230886     -0.75520   -0.38856   -0.18648   -0.13782	 0.03069    0.50089    0.51645    0.56577    0.63285	0.67988    
0.10060161   0.03730886     -0.72663   -0.38857   -0.20003   -0.15281	 0.05906    0.49571    0.51220    0.53796    0.65678	0.69401    
0.10060161   0.03230886     -0.69890   -0.38858   -0.22068   -0.15987	 0.08802    0.48270    0.50566    0.52084    0.67247	0.71670    
0.10060161   0.02730886     -0.67236   -0.38860   -0.24406   -0.16301	 0.11746    0.45762    0.49962    0.51595    0.68268	0.74500    
0.10060161   0.02230886     -0.64750   -0.38864   -0.26728   -0.16461	 0.14730    0.42781    0.49579    0.51426    0.69082	0.77495    
0.10560161   0.05230886     -0.80220   -0.38855   -0.17841   -0.09894	-0.00403    0.48623    0.51262    0.56337    0.64195	0.69653    
0.10560161   0.04730886     -0.77185   -0.38855   -0.18254   -0.12508	 0.02200    0.48028    0.51194    0.59403    0.61062	0.70220    
0.10560161   0.04230886     -0.74179   -0.38854   -0.19228   -0.14541	 0.04901    0.47449    0.51144    0.57723    0.62652	0.70860    
0.10560161   0.03730886     -0.71213   -0.38855   -0.21077   -0.15662	 0.07678    0.46882    0.51090    0.54600    0.65640	0.71626    
0.10560161   0.03230886     -0.68302   -0.38856   -0.23502   -0.16151	 0.10520    0.46284    0.50835    0.51767    0.68376	0.72675    
0.10560161   0.02730886     -0.65474   -0.38858   -0.26102   -0.16380	 0.13416    0.45442    0.48646    0.51180    0.70479	0.74366    
0.10560161   0.02230886     -0.62771   -0.38862   -0.28678   -0.16504	 0.16356    0.43668    0.46927    0.51132    0.71788	0.76829    
0.11060161   0.05230886     -0.79271   -0.38854   -0.17942   -0.10720	 0.01666    0.45538    0.51095    0.55433    0.65608	0.71216    
0.11060161   0.04730886     -0.76185   -0.38853   -0.18525   -0.13230	 0.04202    0.44865    0.51081    0.58572    0.62407	0.72512    
0.11060161   0.04230886     -0.73112   -0.38852   -0.19846   -0.14991	 0.06836    0.44243    0.51067    0.59078    0.61830	0.73557    
0.11060161   0.03730886     -0.70057   -0.38852   -0.22046   -0.15854	 0.09553    0.43671    0.51048    0.55922    0.64904	0.74385    
0.11060161   0.03230886     -0.67032   -0.38853   -0.24701   -0.16230	 0.12338    0.43146    0.50995    0.52795    0.67947	0.75165    
0.11060161   0.02730886     -0.64051   -0.38854   -0.27500   -0.16417	 0.15183    0.42647    0.49514    0.51143    0.70840	0.76046    
0.11060161   0.02230886     -0.61143   -0.38858   -0.30302   -0.16523	 0.18076    0.42106    0.46563    0.51085    0.73338	0.77273    
0.11560161   0.05230886     -0.78581   -0.38853   -0.18044   -0.11295	 0.03829    0.42340    0.51047    0.54594    0.67064	0.69377    
0.11560161   0.04730886     -0.75467   -0.38851   -0.18784   -0.13684	 0.06294    0.41620    0.51046    0.57741    0.63881	0.70877    
0.11560161   0.04230886     -0.72355   -0.38850   -0.20368   -0.15226	 0.08862    0.40961    0.51041    0.60337    0.61216	0.72459    
0.11560161   0.03730886     -0.69247   -0.38850   -0.22773   -0.15942	 0.11516    0.40365    0.51033    0.57394    0.64084	0.74112    
0.11560161   0.03230886     -0.66147   -0.38849   -0.25562   -0.16263	 0.14245    0.39831    0.51013    0.54225    0.67180	0.75796    
0.11560161   0.02730886     -0.63060   -0.38850   -0.28491   -0.16429	 0.17036    0.39359    0.50701    0.51364    0.70233	0.77384    
0.11560161   0.02230886     -0.59995   -0.38852   -0.31461   -0.16526	 0.19882    0.38940    0.47848    0.51078    0.73185	0.78697    
0.12060161   0.05230886     -0.78171   -0.38851   -0.18123   -0.11618	 0.06068    0.39136    0.51023    0.53837    0.66945	0.67900    
0.12060161   0.04730886     -0.75058   -0.38850   -0.18969   -0.13904	 0.08464    0.38370    0.51029    0.56970    0.65412	0.68600    
0.12060161   0.04230886     -0.71943   -0.38849   -0.20691   -0.15315	 0.10965    0.37671    0.51028    0.60047    0.62277	0.70174    
0.12060161   0.03730886     -0.68825   -0.38847   -0.23177   -0.15963	 0.13557    0.37041    0.51025    0.58947    0.63298	0.71875    
0.12060161   0.03230886     -0.65705   -0.38846   -0.26011   -0.16263	 0.16228    0.36482    0.51016    0.55783    0.66383	0.73679    
0.12060161   0.02730886     -0.62583   -0.38845   -0.28983   -0.16422	 0.18966    0.35996    0.50973    0.52655    0.69457	0.75573    
0.12060161   0.02230886     -0.59460   -0.38845   -0.32017   -0.16517	 0.21761    0.35582    0.49377    0.51102    0.72485	0.77523    
0.09060161   0.05230886     -0.38857   -0.17688   -0.06558   -0.05337	 0.50823    0.57473    0.58204    0.61290    0.61567	0.78975    
0.09060161   0.05730886     -0.38857   -0.17737   -0.08708   -0.03071	 0.50820    0.55699    0.59078    0.59796    0.64012	0.78491    
0.09060161   0.06230886     -0.38858   -0.17912   -0.11187   -0.00214	 0.50803    0.52929    0.58785    0.60027    0.67004	0.77497    
0.09060161   0.06730886     -0.76255   -0.38859   -0.18325   -0.13359	 0.02724    0.49781    0.50896    0.58184    0.60786	0.70135    
0.09060161   0.07230886     -0.73775   -0.38860   -0.19210   -0.14940	 0.05715    0.46683    0.50850    0.57712    0.61541	0.73308    
0.09060161   0.07730886     -0.71463   -0.38863   -0.20654   -0.15798	 0.08744    0.43511    0.50843    0.57327    0.62303	0.74122    
0.08560161   0.05230886     -0.38857   -0.17706   -0.07574   -0.04144	 0.50787    0.55423    0.58096    0.61764    0.63375	0.77777    
0.08560161   0.05730886     -0.38857   -0.17849   -0.10220   -0.01460	 0.50770    0.54577    0.58741    0.60822    0.64505	0.78811    
0.08560161   0.06230886     -0.38857   -0.18204   -0.12656    0.01358	 0.50736    0.53189    0.56457    0.62596    0.66501	0.79163    
0.08560161   0.06730886     -0.74359   -0.38858   -0.19024   -0.14559	 0.04250    0.50418    0.51096    0.55171    0.63712	0.69241    
0.08560161   0.07230886     -0.71733   -0.38860   -0.20553   -0.15649	 0.07196    0.47773    0.50788    0.54481    0.64573	0.72271    
0.08560161   0.07730886     -0.69254   -0.38862   -0.22533   -0.16142	 0.10185    0.44692    0.50751    0.54014    0.65353	0.75388    
0.08060161   0.05230886     -0.38856   -0.17759   -0.08831   -0.02356	 0.50526    0.52590    0.57273    0.62879    0.66436	0.75800    
0.08060161   0.05730886     -0.38856   -0.18022   -0.11500    0.00306	 0.50365    0.52079    0.59497    0.60556    0.67099	0.77186    
0.08060161   0.06230886     -0.75520   -0.38856   -0.18648   -0.13782	 0.03069    0.50090    0.51645    0.56574    0.63287	0.67987    
0.08060161   0.06730886     -0.72663   -0.38857   -0.20003   -0.15281	 0.05906    0.49572    0.51220    0.53794    0.65678	0.69401    
0.08060161   0.07230886     -0.69890   -0.38858   -0.22068   -0.15987	 0.08802    0.48269    0.50566    0.52085    0.67245	0.71671    
0.08060161   0.07730886     -0.67236   -0.38860   -0.24406   -0.16301	 0.11746    0.45759    0.49964    0.51596    0.68266	0.74502    
0.07560161   0.05230886     -0.80219   -0.38855   -0.17841   -0.09894	-0.00404    0.48626    0.51262    0.56340    0.64192	0.69650    
0.07560161   0.05730886     -0.77185   -0.38855   -0.18255   -0.12508	 0.02200    0.48031    0.51194    0.59405    0.61059	0.70217    
0.07560161   0.06230886     -0.38854   -0.19229   -0.14541    0.04900	 0.47452    0.51144    0.57720    0.62654    0.70858	0.76792    
0.07560161   0.06730886     -0.71212   -0.38855   -0.21077   -0.15662	 0.07678    0.46885    0.51090    0.54598    0.65642	0.71624    
0.07560161   0.07230886     -0.68302   -0.38856   -0.23502   -0.16151	 0.10520    0.46286    0.50834    0.51765    0.68377	0.72674    
0.07560161   0.07730886     -0.65474   -0.38858   -0.26102   -0.16380	 0.13416    0.45443    0.48645    0.51180    0.70478	0.74366    
0.07060161   0.05230886     -0.79270   -0.38854   -0.17942   -0.10721	 0.01665    0.45541    0.51095    0.55435    0.65605	0.71218    
0.07060161   0.05730886     -0.76184   -0.38853   -0.18525   -0.13231	 0.04201    0.44868    0.51081    0.58574    0.62404	0.72513    
0.07060161   0.06230886     -0.73111   -0.38852   -0.19846   -0.14992	 0.06836    0.44245    0.51067    0.59075    0.61832	0.73556    
0.07060161   0.06730886     -0.70057   -0.38852   -0.22046   -0.15854	 0.09552    0.43674    0.51048    0.55919    0.64906	0.74383    
0.07060161   0.07230886     -0.67032   -0.38853   -0.24702   -0.16231	 0.12338    0.43149    0.50995    0.52792    0.67949	0.75163    
0.07060161   0.07730886     -0.64051   -0.38854   -0.27500   -0.16417	 0.15183    0.42650    0.49512    0.51143    0.70842	0.76044    
0.06560161   0.05230886     -0.78580   -0.38853   -0.18044   -0.11296	 0.03828    0.42342    0.51047    0.54597    0.67061	0.69380    
0.06560161   0.05730886     -0.75466   -0.38851   -0.18784   -0.13685	 0.06294    0.41622    0.51046    0.57743    0.63878	0.70880    
0.06560161   0.06230886     -0.72354   -0.38850   -0.20368   -0.15227	 0.08861    0.40963    0.51041    0.60335    0.61216	0.72461    
0.06560161   0.06730886     -0.69246   -0.38850   -0.22774   -0.15942	 0.11516    0.40367    0.51033    0.57391    0.64086	0.74114    
0.06560161   0.07230886     -0.66146   -0.38849   -0.25563   -0.16263	 0.14244    0.39834    0.51013    0.54222    0.67182	0.75799    
0.06560161   0.07730886     -0.63059   -0.38850   -0.28492   -0.16429	 0.17036    0.39362    0.50699    0.51362    0.70236	0.77386    
