    493  phenyl-Fe-porphyirine-CO2-Me_4_rel.bas     1
	     s                       p               d 
      0.81221384
      0.81304971
      0.81377692
      0.81223735
      0.81308489
      0.81413488
      0.80174291
      0.80239044
      0.80150543
      0.80192838
      0.81411465
      0.81367754
      0.93411725    3.00742329    0.23192269
      0.93121074    3.01306626    0.22273099
      0.93411230    3.00050023    0.23040177
      0.93091140    3.01424518    0.22258532
      0.93133106    3.01310860    0.22278112
      0.93413007    3.00905513    0.23113878
      0.93154409    3.01303548    0.22266724
      0.93525882    2.99870726    0.22962059
      0.82782108
      0.93357109    3.00835918    0.23250874
      0.82860723
      0.93416220    3.00918431    0.23097857
      0.82870401
      0.82447281
      0.93503567    2.99829747    0.22978810
      0.93419222    2.99967261    0.23059913
      0.82836255
      0.82046077
      0.82569980    2.67162655    0.38840435
      1.56090640    4.42937395
      0.82604207    2.67165641    0.38789627
      0.82625039    2.67074524    0.38797415
      0.82662681    2.67094848    0.38732467
      1.55925377    4.43137116
      0.88271404    2.82356569    0.29126923
      1.55915071    4.43102597
      0.88267950    2.82338284    0.29171359
      0.81713864
      0.89674723    2.83708218    0.27421877
      1.03122999    3.17438195    0.22122148
      0.86557956    2.85588572    0.29380042
      1.17025161    3.64528308    0.54542053
      1.17135829    3.64452711    0.54496623
      0.86520612    2.85605594    0.29426515
      0.88267031    2.82327837    0.29110653
      0.88334973    2.82272791    0.29100540
      0.89745453    2.83798286    0.27326613
      1.03272662    3.17592274    0.21943330
      0.86592614    2.85595087    0.29330725
      0.86589309    2.85620730    0.29342332
      0.57800215    0.92363071    6.04878355
      1.03504881    3.17865906    0.21701406
      0.89658389    2.83622238    0.27413284
      0.89668687    2.83838147    0.27371721
      0.97523911    2.48788201    0.53445904
      1.55831475    4.43111199
      1.17720262    3.63631435    0.52720967
      1.17817179    3.63541809    0.52606811
      0.97565283    2.48637298    0.53504735
      0.82793152    2.67447915    0.38317854
      0.82713081    2.67604814    0.38416495
      0.97591714    2.48607135    0.53535031
      0.97638159    2.48533447    0.53411743
      0.82738063    2.67643750    0.38345991
      0.82833525    2.67540552    0.38214813
      1.03336569    3.17605075    0.21937698
      0.93497357    3.00479969    0.23264178
      0.93584952    2.98890372    0.23044367
      1.61356327    4.52106922
      0.93463428    3.00552600    0.23297496
      1.61384214    4.52064366
      0.93428296    3.00340922    0.22478594
      0.93577754    2.98806740    0.23079450
      0.93397336    3.00124735    0.22465781
      0.93539246    3.00404197    0.23247155
      0.93531728    3.00464760    0.23256395
      0.93535844    2.98992826    0.23085959
      1.61356398    4.52165431
      0.82582550
      0.93367501    3.00220504    0.22489717
      0.93415812    3.00410297    0.22532825
      0.93561801    2.98826865    0.23130129
      1.61366523    4.52268735
      0.79729177
      0.79823098
      0.79844455
      0.79733307
      0.82107740
      0.81697180
      0.80834087
      0.80416153
      0.82396158
      0.80758065
      0.80438295
      0.80836141
      0.82519934
      0.80430599
      0.80796909
      0.80439153
      0.84659104    2.83658710    0.31985732
      0.84624637    2.83763121    0.32089129
      0.84627145    2.83544400    0.31992059
      0.84566335    2.83574602    0.32027447
      0.84547138    2.83618545    0.32084568
      0.84599037    2.83990967    0.32144781
      0.84590759    2.83541390    0.32025224
      0.84529252    2.83845950    0.32145663
      0.84552030    2.83625132    0.32078333
      0.84557734    2.83518797    0.32026800
      0.84462352    2.83517991    0.32130097
      0.84530214    2.83590543    0.32070452
      0.84518546    2.83451306    0.32095314
      0.84422310    2.84058925    0.32319082
      0.84509386    2.83535465    0.32143935
      0.84513935    2.84171480    0.32237228
      0.84499274    2.83360965    0.32111761
      0.84525479    2.83515411    0.32059285
      0.84500415    2.83554248    0.32105579
      0.84257502    2.83919927    0.32445364
      0.84392585    2.83884750    0.32305548
      0.84517052    2.83502670    0.32061236
      0.84344391    2.83545072    0.32438318
      0.84507397    2.83533012    0.32080463
      0.84583335    2.83496235    0.32106949
      0.84325907    2.83483773    0.32453027
      0.84507620    2.83887238    0.32220656
      0.84483531    2.83695407    0.32209115
      0.84378930    2.83373002    0.32255355
      0.84455274    2.83989821    0.32283612
      0.84469077    2.83400832    0.32095753
      0.84464557    2.83603254    0.32151023
      0.84340354    2.82844277    0.32341912
      0.84422325    2.84177459    0.32301307
      0.84282974    2.82781647    0.32277797
      0.84437278    2.83815001    0.32290871
      0.84385060    2.83019349    0.32241941
      0.84325912    2.83471150    0.32241319
      0.84559753    2.83677943    0.32148906
      0.84259112    2.83538780    0.32236507
      0.84479996    2.83086338    0.32113730
      0.84364804    2.83654699    0.32265707
      0.84530791    2.83212378    0.32112160
      0.84447020    2.83817116    0.32263190
      0.84296214    2.83149950    0.32378594
      0.84329219    2.83752793    0.32293561
      0.84466509    2.83552925    0.32126552
      0.84445443    2.83632367    0.32164872
      0.84463651    2.83496815    0.32214849
      0.84319007    2.82939364    0.32358089
      0.84445414    2.83379464    0.32174002
      0.84256885    2.83040668    0.32271813
      0.84396458    2.82898155    0.32211880
      0.84337321    2.83678027    0.32404696
      0.84399243    2.83265115    0.32233351
      0.84520027    2.83899845    0.32233001
      0.84352949    2.83238015    0.32288067
      0.84439051    2.83548882    0.32164616
      0.84209880    2.83047597    0.32212421
      0.84416832    2.83461900    0.32183324
      0.84509335    2.83656008    0.32184145
      0.84315060    2.83075229    0.32252816
      0.84371878    2.83501665    0.32212961
      0.84424922    2.83510316    0.32148606
      0.84290108    2.83322147    0.32246446
      0.84433839    2.83505927    0.32137187
      0.84288560    2.83419355    0.32248486
      0.84332214    2.83988609    0.32379955
      0.84316491    2.82928281    0.32303142
      0.84339128    2.83397794    0.32207846
      0.84258140    2.83616774    0.32346528
      0.84356162    2.83264398    0.32188175
      0.84061729    2.82880924    0.32262295
      0.84400875    2.83146885    0.32223765
      0.84279555    2.83962847    0.32422896
      0.84287283    2.83505623    0.32271425
      0.84335241    2.83277810    0.32290900
      0.84337734    2.83612309    0.32248310
      0.84160104    2.82824447    0.32245118
      0.84406560    2.83665208    0.32218983
      0.84313813    2.83001961    0.32246503
      0.84106881    2.83072081    0.32245227
      0.84348181    2.83318488    0.32203410
      0.84277736    2.83476573    0.32237418
      0.84338410    2.83156148    0.32334664
      0.84390797    2.83504638    0.32186485
      0.84179602    2.83107491    0.32226270
      0.84409496    2.83051872    0.32170224
      0.84434793    2.84021414    0.32317332
      0.84328106    2.83678331    0.32251922
      0.84040943    2.82866993    0.32318236
      0.84129397    2.82951900    0.32259060
      0.84306031    2.83807216    0.32333505
      0.84381471    2.83915198    0.32336233
      0.84246195    2.83151817    0.32278192
      0.84316641    2.83266042    0.32257870
      0.84342553    2.83520024    0.32234664
      0.84309680    2.83672445    0.32364342
      0.84386555    2.83511347    0.32187227
      0.84132234    2.83111653    0.32256850
      0.84364230    2.83569629    0.32243717
      0.84264631    2.83193757    0.32268421
      0.84207793    2.83106995    0.32389087
      0.84280289    2.83430271    0.32332492
      0.84301787    2.83575704    0.32293714
      0.84388109    2.83538708    0.32170323
      0.84236453    2.83602053    0.32335502
      0.84332416    2.83525594    0.32273133
      0.84364518    2.83675622    0.32260822
      0.84360800    2.83533131    0.32217524
      0.84242658    2.83452922    0.32280816
      0.84200219    2.83010407    0.32295549
      0.84373757    2.83507375    0.32203208
      0.84504950    2.84042590    0.32302915
      0.84293928    2.83356178    0.32400483
      0.84311400    2.83549284    0.32259308
      0.84399580    2.83395695    0.32266977
      0.84324237    2.83746850    0.32265133
      0.84313993    2.83578449    0.32266244
      0.84337936    2.83590467    0.32258534
      0.84238783    2.83704917    0.32478093
      0.84353539    2.83564502    0.32227517
      0.84440391    2.83718239    0.32254816
      0.84223409    2.83187394    0.32279075
      0.84435666    2.83769534    0.32251090
      0.84198124    2.83225064    0.32319459
      0.84348942    2.83120241    0.32237814
      0.84406885    2.83909060    0.32272404
      0.84405393    2.83686023    0.32289171
      0.84190243    2.83554474    0.32336650
      0.84314035    2.83898463    0.32371311
      0.84278060    2.83705120    0.32321096
      0.84303925    2.83371931    0.32228834
      0.84320881    2.83543658    0.32267915
      0.84423291    2.83882494    0.32243415
      0.84453486    2.84025916    0.32297658
      0.84285000    2.83957649    0.32413496
      0.84288967    2.83398856    0.32321887
      0.84231505    2.83498061    0.32334801
      0.84405712    2.83753139    0.32270195
      0.84255510    2.83466029    0.32275996
      0.84425295    2.83768111    0.32257802
      0.84370204    2.83598721    0.32251934
      0.84310556    2.83797320    0.32409662
      0.84304533    2.83494298    0.32265264
      0.84206868    2.83395703    0.32327727
      0.84347699    2.82931965    0.32239466
      0.84280598    2.83483204    0.32272932
      0.84243054    2.83997696    0.32422131
      0.84355677    2.83772102    0.32310889
      0.84328162    2.83557649    0.32249568
      0.84296516    2.83565399    0.32297072
      0.84398792    2.83853789    0.32367732
      0.84344265    2.83731988    0.32316534
      0.84376707    2.83980831    0.32301765
      0.84338981    2.83653622    0.32280991
      0.84253399    2.83439422    0.32296462
      0.84301766    2.83554249    0.32266127
      0.84285585    2.84066374    0.32405871
      0.84327221    2.83516840    0.32245109
      0.84409651    2.83702679    0.32313981
      0.84207134    2.83431080    0.32322368
      0.84408999    2.83719238    0.32280571
      0.84280386    2.83522884    0.32273784
      0.84284803    2.83756084    0.32342439
      0.84326738    2.83561442    0.32267848
      0.84146027    2.83383418    0.32335592
      0.84361907    2.83587374    0.32254560
      0.84210419    2.83410427    0.32287389
      0.84291740    2.83558334    0.32280535
      0.84264193    2.84024099    0.32382327
      0.84252122    2.83525216    0.32322253
      0.84295896    2.83559825    0.32282060
      0.84378677    2.83893635    0.32348814
      0.84389495    2.83863146    0.32313346
      0.84291192    2.83571031    0.32296127
      0.84253947    2.83580045    0.32342628
      0.84185136    2.83686976    0.32371739
      0.84318594    2.83497881    0.32275564
      0.84268395    2.83497496    0.32296082
      0.84224964    2.83513379    0.32327147
      0.84274845    2.83490931    0.32292880
      0.84198672    2.83105350    0.32316012
      0.84269108    2.83907467    0.32375076
      0.84287500    2.83536036    0.32288596
      0.84270798    2.83496231    0.32301938
      0.84285968    2.83539769    0.32294023
      0.84272897    2.83482816    0.32286371
      0.84272576    2.83560459    0.32318316
      0.84271426    2.83489228    0.32283586
      0.84304115    2.83175252    0.32275656
      0.84370977    2.83767027    0.32325154
      0.84235651    2.83513342    0.32336583
      0.84318779    2.83622522    0.32279153
      0.84295906    2.83547230    0.32292865
      0.84262894    2.83494672    0.32295321
      0.84248875    2.83534113    0.32316649
      0.84304965    2.83617054    0.32307577
      0.84317413    2.83656602    0.32291309
      0.84439267    2.83925368    0.32316649
      0.84416049    2.83725566    0.32254662
      0.84438447    2.83713546    0.32237461
      0.84372939    2.83683909    0.32288968
      0.84269009    2.83489462    0.32288977
      0.84279893    2.83559994    0.32294392
      0.84397425    2.83962725    0.32388641
      0.84257285    2.83478052    0.32299434
      0.84241049    2.83546120    0.32322935
      0.84141966    2.83302049    0.32329693
      0.84194213    2.83579593    0.32367846
      0.84222236    2.83445509    0.32326339
      0.84268928    2.83485656    0.32301868
      0.84242745    2.83538889    0.32332420
      0.84295064    2.83585229    0.32289850
      0.84228696    2.83486446    0.32327212
      0.84186685    2.83535662    0.32356694
      0.84267987    2.83487912    0.32295113
      0.84244435    2.83314530    0.32273506
      0.84360078    2.83648715    0.32283012
      0.84311283    2.83764692    0.32331649
      0.84297904    2.83537723    0.32269379
      0.84295605    2.83587545    0.32311262
      0.84158655    2.83388958    0.32344134
      0.84259466    2.83487373    0.32306191
      0.84248548    2.83489583    0.32314902
      0.84269127    2.83643750    0.32332338
      0.84326218    2.83629539    0.32322596
      0.84232577    2.83477857    0.32323486
      0.84379065    2.83617088    0.32256628
      0.84230140    2.83491918    0.32327907
      0.84239356    2.83536559    0.32331064
      0.84181993    2.83495244    0.32361826
      0.84259162    2.83482387    0.32310259
      0.84247243    2.83490366    0.32314577
      0.84256623    2.83487912    0.32304569
      0.84266075    2.83523305    0.32297268
      0.84259649    2.83486720    0.32301086
      0.84219611    2.83437027    0.32328921
      0.84266741    2.83532149    0.32298190
      0.84313933    2.83654086    0.32306177
      0.84268099    2.83485490    0.32291840
      0.84283313    2.83541355    0.32284737
      0.84284922    2.83527570    0.32291716
      0.84427120    2.83847245    0.32313761
      0.84268674    2.83513940    0.32298294
      0.84179605    2.83446353    0.32343890
      0.84319399    2.83506510    0.32245041
      0.84381701    2.83667734    0.32274127
      0.84221937    2.83496960    0.32328869
      0.84350531    2.83497700    0.32211330
      0.84329575    2.83646060    0.32292158
      0.84280682    2.83494330    0.32282733
      0.84218793    2.83453251    0.32315253
      0.84305978    2.83552900    0.32283179
      0.84252517    2.83536160    0.32317480
      0.84241708    2.83487680    0.32319681
      0.84284844    2.83507291    0.32294226
      0.84243566    2.83487086    0.32319002
      0.84255887    2.83485863    0.32304361
      0.84254286    2.83515069    0.32319490
      0.84266127    2.83482615    0.32305364
      0.84252987    2.83484054    0.32318363
      0.84315881    2.83622176    0.32320213
      0.84257640    2.83541544    0.32324369
      0.84259881    2.83537760    0.32311144
      0.84251715    2.83485353    0.32311738
      0.84265414    2.83527865    0.32299955
      0.84272027    2.83533037    0.32315158
      0.84244022    2.83521538    0.32326763
      0.84253590    2.83482038    0.32312546
      0.84254186    2.83508436    0.32296063
      0.84277042    2.83519551    0.32292830
      0.84310015    2.83503517    0.32269440
      0.84251912    2.83529587    0.32321983
      0.84340461    2.83496483    0.32223080
      0.84250060    2.83482630    0.32313835
      0.84208558    2.83425695    0.32326080
      0.84252394    2.83555273    0.32305303
      0.84282268    2.83522315    0.32299327
      0.84259024    2.83533394    0.32323735
      0.84244092    2.83480596    0.32318328
      0.84254273    2.83481987    0.32309208
      0.84263646    2.83549773    0.32315961
      0.84234137    2.83470818    0.32325533
      0.84258885    2.83485456    0.32300711
      0.84294848    2.83516597    0.32280013
      0.84248529    2.83480345    0.32320578
      0.84243477    2.83505362    0.32322532
      0.84245370    2.83519911    0.32322643
      0.84266195    2.83536670    0.32299693
      0.84286401    2.83499894    0.32283679
      0.84245636    2.83519142    0.32318746
      0.84273550    2.83499139    0.32295615
      0.84315069    2.83500527    0.32266763
      0.84251388    2.83489287    0.32309499
      0.84236829    2.83545427    0.32329743
      0.84258398    2.83488340    0.32300872
      0.84228177    2.83473797    0.32324180
      0.84324986    2.83639161    0.32297547
      0.84313676    2.83558362    0.32277947
      0.84242251    2.83546854    0.32336538
      0.84254765    2.83475886    0.32315127
      0.84242992    2.83514438    0.32324086
      0.84275277    2.83489951    0.32284528
      0.84238808    2.83495798    0.32326667
      0.84303054    2.83558929    0.32283411
      0.84262449    2.83539976    0.32315504
      0.84250167    2.83483931    0.32303409
      0.84341647    2.83639694    0.32288400
      0.84240537    2.83493931    0.32321713
      0.84236351    2.83481608    0.32325169
      0.84250062    2.83487376    0.32309165
      0.84239012    2.83489572    0.32321972
      0.84257356    2.83486361    0.32315655
      0.84249248    2.83484067    0.32322211
      0.84276789    2.83563584    0.32301247
      0.84243375    2.83495654    0.32314939
      0.84239677    2.83523668    0.32323571
      0.84254806    2.83549412    0.32326100
      0.84245663    2.83486843    0.32318334
      0.84266245    2.83546955    0.32312527
      0.84244796    2.83505266    0.32320659
      0.84239441    2.83529583    0.32332966
      0.84239572    2.83484325    0.32323789
      0.84281852    2.83537939    0.32292564
      0.84243467    2.83497966    0.32320841
      0.84240489    2.83486391    0.32323136
      0.84299860    2.83508882    0.32268590
      0.84241259    2.83497689    0.32323163
      0.84244559    2.83490201    0.32318674
      0.84240874    2.83492926    0.32324500
      0.84248895    2.83484385    0.32319831
      0.84250085    2.83507038    0.32314682
      0.84244381    2.83500353    0.32318854
      0.84301341    2.83502964    0.32277763
      0.84256079    2.83487421    0.32301277
      0.84240625    2.83489726    0.32324458
      0.84239422    2.83495117    0.32324474
      0.84242884    2.83504359    0.32323151
      0.84247875    2.83513205    0.32319282
      0.84244679    2.83495321    0.32319060
      0.84248494    2.83487182    0.32310653
      0.84245024    2.83483665    0.32316539
      0.84243600    2.83484096    0.32320409
      0.84256492    2.83571002    0.32328334
      0.84238482    2.83486115    0.32326049
      0.84291097    2.83487236    0.32271685
      0.84311651    2.83486195    0.32249879
      0.84272553    2.83488048    0.32300838
      0.84245321    2.83547619    0.32321152
      0.84258276    2.83479716    0.32312223
      0.84244024    2.83484168    0.32319360
      0.84288290    2.83505507    0.32283940
      0.84277088    2.83488782    0.32281630
      0.84246908    2.83483444    0.32316203
      0.84241394    2.83486459    0.32322386
      0.84244589    2.83482273    0.32317700
      0.84244615    2.83501602    0.32322482
      0.84250967    2.83497690    0.32311714
      0.84288697    2.83499592    0.32277351
      0.84249792    2.83481469    0.32315653
      0.84238964    2.83514030    0.32330621
      0.84251635    2.83481975    0.32311571
      0.84266022    2.83507211    0.32296782
      0.84237823    2.83516393    0.32323956
      0.84250783    2.83483342    0.32311984
      0.84290218    2.83514836    0.32283187
      0.84249393    2.83484095    0.32314237
      0.84312878    2.83483908    0.32248585
      0.84250991    2.83500936    0.32311840
      0.84250773    2.83508650    0.32311824
      0.84244684    2.83509815    0.32325409
      0.84258006    2.83504453    0.32304468
      0.84250309    2.83525284    0.32322002
      0.84284893    2.83505567    0.32288975
      0.84257408    2.83521423    0.32305783
      0.84287758    2.83495976    0.32289533
      0.84247560    2.83508891    0.32323360
      0.84283152    2.83498345    0.32293549
      0.84297704    2.83493118    0.32267395
      0.84273732    2.83486112    0.32299577
      0.84295201    2.83486118    0.32264532
      0.84266059    2.83502976    0.32301143
      0.84270009    2.83529318    0.32301609
      0.84296847    2.83549851    0.32281109
      0.84278706    2.83513913    0.32297500
      0.84283704    2.83536597    0.32292196
      0.84268023    2.83546262    0.32311585
      0.84294516    2.83512601    0.32278800
      0.84253365    2.83515449    0.32310161
      0.84291715    2.83491663    0.32271417
      0.84273553    2.83518343    0.32299335
